0.264
0.572
0.568
0.564
0.552
0.576
0.564
0.564
0.564
0.556
0.560
0.564
0.568
0.568
0.564
0.568
0.564
0.568
0.564
0.564
0.560
0.556
0.540
0.568
0.388
0.740
0.608
0.568
0.568
0.544
0.516
0.284
0.312
0.428
0.460
0.516
0.508
0.332
0.284
0.320
0.292
0.292
0.304
0.240
0.296
0.276
0.220
0.216
0.284
0.264
0.284
0.336
0.324
0.244
0.272
0.356
0.252
0.272
0.360
0.716
0.604
0.556
0.568
0.568
0.564
0.560
0.560
0.552
0.560
0.568
0.568
0.600
0.528
0.564
0.568
0.564
0.564
0.564
0.560
0.480
0.636
0.580
0.568
0.568
0.516
0.612
0.564
0.568
0.564
0.556
0.556
0.564
0.568
0.556
0.576
0.564
0.560
0.564
0.564
0.560
0.564
0.560
0.564
0.564
0.556
0.552
0.564
0.572
0.568
0.564
0.568
0.568
0.564
0.560
0.572
0.568
0.568
0.568
